function [data_V, data_JD] = loadData()

%改成从xlsx读取
    % 电压数据
    data_V = [-0.5	-0.49	-0.48	-0.47	-0.46	-0.45	-0.44	-0.43	-0.42	-0.41	-0.4	-0.39	-0.38	-0.37	-0.36	-0.35	-0.34	-0.33	-0.32	-0.31	-0.3	-0.29	-0.28	-0.27	-0.26	-0.25	-0.24	-0.23	-0.22	-0.21	-0.2	-0.19	-0.18	-0.17	-0.16	-0.15	-0.14	-0.13	-0.12	-0.11	-0.1	-0.09	-0.08	-0.07	-0.06	-0.05	-0.04	-0.03	-0.02	-0.01	0	0.01	0.02	0.03	0.04	0.05	0.06	0.07	0.08	0.09	0.1	0.11	0.12	0.13	0.14	0.15	0.16	0.17	0.18	0.19	0.2	0.21	0.22	0.23	0.24	0.25	0.26	0.27	0.28	0.29	0.3];

    % 电流密度数据
    data_JD = [-1.96E-07	-1.94E-07	-1.96E-07	-1.92E-07	-1.90E-07	-1.88E-07	-1.88E-07	-1.88E-07	-1.85E-07	-1.83E-07	-1.84E-07	-1.81E-07	-1.79E-07	-1.78E-07	-1.79E-07	-1.75E-07	-1.74E-07	-1.72E-07	-1.73E-07	-1.69E-07	-1.68E-07	-1.66E-07	-1.67E-07	-1.63E-07	-1.62E-07	-1.60E-07	-1.59E-07	-1.57E-07	-1.57E-07	-1.53E-07	-1.51E-07	-1.49E-07	-1.47E-07	-1.44E-07	-1.42E-07	-1.40E-07	-1.36E-07	-1.31E-07	-1.28E-07	-1.23E-07	-1.18E-07	-1.12E-07	-1.05E-07	-9.77E-08	-8.85E-08	-7.91E-08	-6.70E-08	-5.55E-08	-3.88E-08	-2.13E-08	9.90E-12	2.29E-08	5.13E-08	8.30E-08	1.20E-07	1.62E-07	2.10E-07	2.64E-07	3.28E-07	3.97E-07	4.76E-07	5.63E-07	6.62E-07	7.71E-07	8.93E-07	1.03E-06	1.18E-06	1.34E-06	1.52E-06	1.72E-06	1.94E-06	2.18E-06	2.44E-06	2.72E-06	3.03E-06	3.37E-06	3.73E-06	4.12E-06	4.54E-06	4.99E-06	5.48E-06
];

    % 确保数据是列向量
    data_V = data_V(:);
    data_JD = data_JD(:);
end